[{"id": 0, "img_name": "_DSC8679", "width": 4946, "height": 3286, "position": [-3.0026817933840073, 1.4007726437615275, -2.2284005560263305], "rotation": [[0.6356840663395591, -0.03804422066319289, 0.7710112872559864], [0.1589352827320079, 0.9838365806164537, -0.08249338484885185], [-0.7554107119341767, 0.17498062725643193, 0.6314558071472982]], "fy": 4627.300372546341, "fx": 4649.505977743847}, {"id": 1, "img_name": "_DSC8687", "width": 4946, "height": 3286, "position": [-3.210451527466955, 0.4288022508643672, 2.0500720221806525], "rotation": [[-0.35078011272559234, 0.02094398009472033, 0.936223617633102], [0.21591273986488782, 0.9746227786035045, 0.059094231454696736], [-0.9112271952044989, 0.22287168758049092, -0.3464003602693941]], "fy": 4627.300372546341, "fx": 4649.505977743847}, {"id": 2, "img_name": "_DSC8695", "width": 4946, "height": 3286, "position": [-0.018796242518991674, -0.19782204951891344, 4.405346391019566], "rotation": [[-0.9953674312474307, 0.05127120549683861, 0.08133228325082693], [0.07027698677867121, 0.9652866476837574, 0.2515607937115078], [-0.06561114189832598, 0.2561112088338859, -0.9644180767532534]], "fy": 4627.300372546341, "fx": 4649.505977743847}, {"id": 3, "img_name": "_DSC8703", "width": 4946, "height": 3286, "position": [3.53581448489535, 0.2116712279643121, 1.72553870508941], "rotation": [[-0.4379432075550934, 0.1346404166494319, -0.8888631532248501], [-0.1858211969061234, 0.9538128653926723, 0.23603283795225585], [0.8795886707641997, 0.26853859315913514, -0.3926968223036448]], "fy": 4627.300372546341, "fx": 4649.505977743847}, {"id": 4, "img_name": "_DSC8711", "width": 4946, "height": 3286, "position": [3.0962633641916417, 1.1746545026650796, -2.4506964046336295], "rotation": [[0.6276456611178438, 0.12904299708649497, -0.7677296587880917], [-0.17893515267135843, 0.9836763384675397, 0.019054455583200885], [0.7576563437459112, 0.12541437733381844, 0.6404905141682804]], "fy": 4627.300372546341, "fx": 4649.505977743847}, {"id": 5, "img_name": "_DSC8719", "width": 4946, "height": 3286, "position": [-0.04774771700919392, 1.3736281210574213, -3.791160728184646], "rotation": [[0.9823201700242411, -0.012188056404746963, 0.18681149548307044], [0.03363250900107312, 0.9931324589140686, -0.11205700955133846], [-0.18416280270955715, 0.11635879997821706, 0.9759839608137986]], "fy": 4627.300372546341, "fx": 4649.505977743847}, {"id": 6, "img_name": "_DSC8727", "width": 4946, "height": 3286, "position": [-2.9416041118110456, 0.7734839764361524, -1.4627972184811224], "rotation": [[0.4707193770825136, -0.13666297110523168, 0.8716343845717313], [0.19854321338522743, 0.9789990943647878, 0.04627489223751335], [-0.8596533373736871, 0.15127460316132393, 0.487967349297743]], "fy": 4627.300372546341, "fx": 4649.505977743847}, {"id": 7, "img_name": "_DSC8735", "width": 4946, "height": 3286, "position": [-2.998984420714988, -0.12805874554383204, 1.5083195202859232], "rotation": [[-0.30117133052382206, -0.25186753231963716, 0.9197057006639282], [0.19217326770136053, 0.928666228731101, 0.31725143151030094], [-0.9340049597574371, 0.27228988555870104, -0.2312854370057431]], "fy": 4627.300372546341, "fx": 4649.505977743847}, {"id": 8, "img_name": "_DSC8744", "width": 4946, "height": 3286, "position": [-0.8339445480130098, -0.6720405566037145, 3.891401361049416], "rotation": [[-0.9605828143732398, -0.050389079777496945, 0.27338909519211313], [0.07720676495952923, 0.8963900388262042, 0.4364905654623476], [-0.26705761957912605, 0.4403928234341848, -0.8571664884329047]], "fy": 4627.300372546341, "fx": 4649.505977743847}, {"id": 9, "img_name": "_DSC8752", "width": 4946, "height": 3286, "position": [2.6309284656864853, -0.6254955747548784, 2.994616546091933], "rotation": [[-0.7716846015858897, 0.20503272177093787, -0.6020502127550719], [-0.12831405807452342, 0.8769568464840904, 0.4631222213467275], [0.6229272655580859, 0.4346357928287552, -0.6504255141186]], "fy": 4627.300372546341, "fx": 4649.505977743847}, {"id": 10, "img_name": "_DSC8760", "width": 4946, "height": 3286, "position": [3.677574746802813, 0.2600193911861601, -0.6412306531846259], "rotation": [[0.16405192832599594, 0.2991686461432959, -0.9399920669757322], [-0.23926002984441766, 0.936515951288003, 0.256305503456276], [0.9569961352750441, 0.18285511791556228, 0.22521634692161038]], "fy": 4627.300372546341, "fx": 4649.505977743847}, {"id": 11, "img_name": "_DSC8768", "width": 4946, "height": 3286, "position": [2.0409301326347884, 1.229783294990366, -3.479506330113202], "rotation": [[0.9256566595017034, 0.09616188988027535, -0.3659407597614693], [-0.10180449213948234, 0.9947967984507644, 0.003895532355295559], [0.3644112979867249, 0.033648487733669, 0.9306299936993583]], "fy": 4627.300372546341, "fx": 4649.505977743847}, {"id": 12, "img_name": "_DSC8776", "width": 4946, "height": 3286, "position": [-1.7459054255695603, 0.6038640646024978, -2.649488014528961], "rotation": [[0.7981536214216349, -0.1713427486329422, 0.577574635092676], [0.15374149243943747, 0.9848899569089093, 0.07972030031592443], [-0.5825069528460788, 0.02516813999633612, 0.8124359757021479]], "fy": 4627.300372546341, "fx": 4649.505977743847}, {"id": 13, "img_name": "_DSC8784", "width": 4946, "height": 3286, "position": [-3.1096043299001632, -0.5993687007970107, 0.7820565860512813], "rotation": [[-0.09783184136145126, -0.3657140602481238, 0.9255712597918428], [0.21564646082328862, 0.9001463017730378, 0.37846167486115817], [-0.9715583022908186, 0.2366217689502696, -0.009198027431333987]], "fy": 4627.300372546341, "fx": 4649.505977743847}, {"id": 14, "img_name": "_DSC8792", "width": 4946, "height": 3286, "position": [-0.9529179135891751, -1.314866528720216, 3.2673195053769386], "rotation": [[-0.9317983818630535, -0.15258225659729718, 0.3293484940440305], [0.08598119640703694, 0.7887475141621215, 0.6086744554911834], [-0.35264572792224314, 0.5954796502608218, -0.7218344524220491]], "fy": 4627.300372546341, "fx": 4649.505977743847}, {"id": 15, "img_name": "_DSC8800", "width": 4946, "height": 3286, "position": [3.1862176801652584, -0.8581904914879043, 0.9391491691680702], "rotation": [[-0.36420245171574966, 0.4520246741995354, -0.8142667057414547], [-0.20017163045445371, 0.8158874258804177, 0.5424564744303743], [0.9095536776493414, 0.3605570720496681, -0.20666568478953593]], "fy": 4627.300372546341, "fx": 4649.505977743847}, {"id": 16, "img_name": "_DSC8808", "width": 4946, "height": 3286, "position": [1.5344380516824805, 0.3985438728918007, -3.834506528878002], "rotation": [[0.965560500217301, 0.09529014076873986, -0.24210061852954717], [-0.06624183047923406, 0.9898888242225001, 0.12542781021032176], [0.2516047303110098, -0.10507095103628701, 0.9621097416269383]], "fy": 4627.300372546341, "fx": 4649.505977743847}, {"id": 17, "img_name": "_DSC8816", "width": 4946, "height": 3286, "position": [-2.475608673658639, -0.06923291556491577, -1.791433546347891], "rotation": [[0.5239327704549693, -0.3974705313422568, 0.7533336769041221], [0.207194707200944, 0.9173511249964249, 0.33990773273891345], [-0.8261748031447674, -0.022002049502206047, 0.5629841067618223]], "fy": 4627.300372546341, "fx": 4649.505977743847}, {"id": 18, "img_name": "_DSC8824", "width": 4946, "height": 3286, "position": [-2.8772561484206767, -1.246218041878488, 1.0526349531235348], "rotation": [[-0.20323770410579323, -0.5124440261222553, 0.8343234119461225], [0.2048966292712733, 0.8109820260360647, 0.5480196390273894], [-0.9574506812066488, 0.28232830807068077, -0.0598240713999839]], "fy": 4627.300372546341, "fx": 4649.505977743847}, {"id": 19, "img_name": "_DSC8832", "width": 4946, "height": 3286, "position": [-0.2818091864540542, -1.949321809169222, 3.639553624719749], "rotation": [[-0.965832820255745, -0.13087046310355377, 0.22369596599826194], [0.04721591756361874, 0.7598391430149326, 0.6483942734717498], [-0.2548286099429571, 0.6368024800747829, -0.727698413441411]], "fy": 4627.300372546341, "fx": 4649.505977743847}, {"id": 20, "img_name": "_DSC8840", "width": 4946, "height": 3286, "position": [2.9535131313750775, -1.533510458235447, 1.589602744920241], "rotation": [[-0.5868268375120194, 0.5032686265144545, -0.6343145531531622], [-0.1445394989681024, 0.7056922105187509, 0.6936186540536585], [0.796707346529258, 0.498717548898586, -0.34137693303282013]], "fy": 4627.300372546341, "fx": 4649.505977743847}, {"id": 21, "img_name": "_DSC8848", "width": 4946, "height": 3286, "position": [2.5906679841368914, -0.36555134439380915, -3.1794456915245877], "rotation": [[0.8230523191218231, 0.27824429365487385, -0.4951413869155851], [-0.13747628256309855, 0.943454330352105, 0.30165244615698444], [0.5510763574322708, -0.1802055481619854, 0.8147642657178936]], "fy": 4627.300372546341, "fx": 4649.505977743847}, {"id": 22, "img_name": "_DSC8856", "width": 4946, "height": 3286, "position": [-1.6485401154071775, -0.384465828522529, -2.6847296487167394], "rotation": [[0.7759354375159196, -0.30122238872346596, 0.55424657810284], [0.11475930354690939, 0.9313680548275094, 0.34551967917363247], [-0.6202858204540925, -0.20449601213361304, 0.757249550653576]], "fy": 4627.300372546341, "fx": 4649.505977743847}, {"id": 23, "img_name": "_DSC8864", "width": 4946, "height": 3286, "position": [0.8715746555277917, -1.6969372646444496, 2.382683628214573], "rotation": [[-0.9761070144919931, 0.15812419536527036, -0.14903635495949913], [-0.023202434175706645, 0.6061155084406057, 0.7950381358627446], [0.2160480115804124, 0.7795003074199981, -0.5879647331467068]], "fy": 4627.300372546341, "fx": 4649.505977743847}, {"id": 24, "img_name": "_DSC8872", "width": 4946, "height": 3286, "position": [-1.1920943378316373, -0.6418308463357005, -2.1343629939776942], "rotation": [[0.7794488871098195, -0.3562024423327124, 0.5153438196577839], [0.13757257657564398, 0.8998647987762984, 0.4139047355341935], [-0.611173640267316, -0.2517204083889558, 0.7504023037297359]], "fy": 4627.300372546341, "fx": 4649.505977743847}, {"id": 25, "img_name": "_DSC8680", "width": 4946, "height": 3286, "position": [-3.0494210706798284, 1.6889305417572757, -2.2122086936789054], "rotation": [[0.6091377843835455, 0.22589912905207457, 0.7602109859307606], [0.1589273115969446, 0.9043587287285607, -0.3960775169092906], [-0.7769770069087456, 0.36208406933470005, 0.5149775310332979]], "fy": 4627.300372546341, "fx": 4649.505977743847}, {"id": 26, "img_name": "_DSC8697", "width": 4946, "height": 3286, "position": [1.3313249563630591, -0.2844427434813263, 4.219606449324448], "rotation": [[-0.9493027910571329, 0.06827421233432243, -0.3068596467788901], [-0.026589554267470145, 0.9551945268689265, 0.29478197272476636], [0.31323666211826906, 0.2879966106914725, -0.9049534494852371]], "fy": 4627.300372546341, "fx": 4649.505977743847}, {"id": 27, "img_name": "_DSC8715", "width": 4946, "height": 3286, "position": [1.887818157552948, 1.342544941186961, -3.500992142319407], "rotation": [[0.9332253784423998, 0.06951593351356002, -0.3525023801604439], [-0.09792402300948856, 0.9931732293722567, -0.06338629328112], [0.34568956991595357, 0.09367214872106493, 0.9336617427126923]], "fy": 4627.300372546341, "fx": 4649.505977743847}, {"id": 28, "img_name": "_DSC8732", "width": 4946, "height": 3286, "position": [-3.510954514494845, 0.801807086496875, -0.03228628212004834], "rotation": [[0.16051779450134374, 0.25472877545534434, 0.9535970263184783], [0.2654504092079959, 0.9193895002464063, -0.29027405514094873], [-0.9506682480759161, 0.29972687198795467, 0.07996051718557298]], "fy": 4627.300372546341, "fx": 4649.505977743847}, {"id": 29, "img_name": "_DSC8750", "width": 4946, "height": 3286, "position": [1.9180715237867678, -0.7255065008939677, 3.5043460122384076], "rotation": [[-0.8619096231832295, 0.17839453265075117, -0.4746442796289269], [-0.07895141062234128, 0.8774360823048198, 0.4731517687067352], [0.5008777058573134, 0.4452878980950296, -0.7421861030666265]], "fy": 4627.300372546341, "fx": 4649.505977743847}, {"id": 30, "img_name": "_DSC8767", "width": 4946, "height": 3286, "position": [2.9921044960213714, 1.40811580307155, -3.0208138875968538], "rotation": [[0.7266918880494212, -0.09016268994425018, -0.6810209902676896], [-0.1767191932811246, 0.9334509790303624, -0.31215316188263476], [0.6638442788555431, 0.34718865057670717, 0.6623977765221508]], "fy": 4627.300372546341, "fx": 4649.505977743847}, {"id": 31, "img_name": "_DSC8786", "width": 4946, "height": 3286, "position": [-2.8342379102519795, -0.7604611565479766, 1.5191116806630807], "rotation": [[-0.32544620738366986, -0.3928724115797563, 0.8600790860840021], [0.20437660267254457, 0.8588687337095392, 0.46965381137195233], [-0.9232090610363474, 0.32862709333784274, -0.1992216432637443]], "fy": 4627.300372546341, "fx": 4649.505977743847}, {"id": 32, "img_name": "_DSC8803", "width": 4946, "height": 3286, "position": [3.4344032335212846, 0.0868527563318229, -0.23795045155321423], "rotation": [[0.006360508367316341, 0.0436653046883198, -0.9990259681809002], [-0.2651074281463928, 0.9633713466518846, 0.040419054810071624], [0.9641979026501324, 0.2645921193395801, 0.017703528136361227]], "fy": 4627.300372546341, "fx": 4649.505977743847}, {"id": 33, "img_name": "_DSC8820", "width": 4946, "height": 3286, "position": [-2.9927155368931913, -0.8695085217798264, -0.4538172969248985], "rotation": [[0.17139657515258183, -0.5176203468356717, 0.8382674934456686], [0.21872428464137503, 0.8496169541221319, 0.47990698950562244], [-0.9606158968776667, 0.10109504344897283, 0.25883757620555436]], "fy": 4627.300372546341, "fx": 4649.505977743847}, {"id": 34, "img_name": "_DSC8837", "width": 4946, "height": 3286, "position": [1.3505340953751177, -1.6008031559998481, 3.575390633386107], "rotation": [[-0.9480457383526719, 0.05483455175721259, -0.3133727013077606], [-0.05258963361553198, 0.9444692241712772, 0.32436432453259945], [0.31375724442237424, 0.32399237109365864, -0.8925162939944501]], "fy": 4627.300372546341, "fx": 4649.505977743847}, {"id": 35, "img_name": "_DSC8855", "width": 4946, "height": 3286, "position": [-0.6125494218940575, 0.24882432931764598, -3.6583385142821583], "rotation": [[0.9502359338218485, 0.04572933770494862, 0.3081566123690786], [0.028089457999432844, 0.9725620222881919, -0.23094175705575806], [-0.3102622317057264, 0.22810510839472545, 0.9228788691378804]], "fy": 4627.300372546341, "fx": 4649.505977743847}, {"id": 36, "img_name": "_DSC8873", "width": 4946, "height": 3286, "position": [-1.3616363454912064, -0.7419483205517033, -1.5573682786434806], "rotation": [[0.6037552107860787, -0.5137766902149251, 0.6095187921963146], [0.23819023673370557, 0.8459416916526197, 0.47712479022646204], [-0.7607529537066542, -0.14288515288755863, 0.6331182958270123]], "fy": 4627.300372546341, "fx": 4649.505977743847}]