PSNR :   18.8102951
SSIM :    0.4432843
LPIPS :    0.5541680
