[{"id": 0, "img_name": "DSCF5565", "width": 3118, "height": 2078, "position": [-3.7212285514226, 1.9830705231664232, -0.29418564508802614], "rotation": [[0.4569205337553071, -0.23930622827978038, 0.8567124108703402], [0.639268405842538, 0.7580520782954387, -0.12920120697387533], [-0.6185139700316442, 0.6067038616149328, 0.4993504712896774]], "fy": 3222.7010797592447, "fx": 3222.7010797592447}, {"id": 1, "img_name": "DSCF5573", "width": 3118, "height": 2078, "position": [-3.000177634438162, 0.3235507003413549, -1.998150524192494], "rotation": [[0.5729418145418838, -0.5518578049949329, 0.6059625732795945], [0.5527043248997777, 0.8060858135150192, 0.21152680796275175], [-0.6051905537816454, 0.21372558180059884, 0.7668544642221632]], "fy": 3222.7010797592447, "fx": 3222.7010797592447}, {"id": 2, "img_name": "DSCF5581", "width": 3118, "height": 2078, "position": [-2.601211591882782, 1.8172164848885934, -2.2812604200884437], "rotation": [[0.7664597598729314, -0.2995658435594132, 0.568154681286765], [0.41538618325679183, 0.9058746183867048, -0.08273750372169014], [-0.4898915749988801, 0.2994185717942008, 0.8187519548739031]], "fy": 3222.7010797592447, "fx": 3222.7010797592447}, {"id": 3, "img_name": "DSCF5589", "width": 3118, "height": 2078, "position": [-1.6957912840447753, 3.1196482001834367, -2.2795965583126696], "rotation": [[0.9175774592979766, -0.12812506940501217, 0.37634501827210437], [0.26621282166010357, 0.9010937966099832, -0.3422874571099155], [-0.295266557151391, 0.41426312447642155, 0.860931892734261]], "fy": 3222.7010797592447, "fx": 3222.7010797592447}, {"id": 4, "img_name": "DSCF5597", "width": 3118, "height": 2078, "position": [-1.3048228491661416, 1.2239871956563482, -3.0985434548884023], "rotation": [[0.9367431345028169, -0.23186701085484784, 0.26220219152225904], [0.2137848783481227, 0.972160189273583, 0.09591971737463478], [-0.277143150287926, -0.03379727309694234, 0.9602340436475343]], "fy": 3222.7010797592447, "fx": 3222.7010797592447}, {"id": 5, "img_name": "DSCF5605", "width": 3118, "height": 2078, "position": [-0.7271316173065084, 2.384356775761995, -2.6950289934079277], "rotation": [[0.9677052459390937, -0.1450545874966643, 0.20616916265079635], [0.185465682348541, 0.9635971120788381, -0.19256969196712473], [-0.1707308924973686, 0.22458800555571923, 0.9593806283783076]], "fy": 3222.7010797592447, "fx": 3222.7010797592447}, {"id": 6, "img_name": "DSCF5613", "width": 3118, "height": 2078, "position": [0.3502731650354369, 3.5140832841823477, -2.5727192197555873], "rotation": [[0.9958800080643891, -0.018577697700110005, -0.0887574148217237], [-0.01952312287697133, 0.9119102808373459, -0.4099249777413954], [0.08855426139267884, 0.4099689120547022, 0.9077905231593248]], "fy": 3222.7010797592447, "fx": 3222.7010797592447}, {"id": 7, "img_name": "DSCF5621", "width": 3118, "height": 2078, "position": [0.19674533993421495, 1.7424939445765226, -3.1319215686243034], "rotation": [[0.9993803677772068, 0.027910160813670162, -0.021445359051550428], [-0.02794621343367118, 0.9996084712666231, -0.0013832305391984798], [0.02139835639049275, 0.001981690026201181, 0.9997690649587162]], "fy": 3222.7010797592447, "fx": 3222.7010797592447}, {"id": 8, "img_name": "DSCF5629", "width": 3118, "height": 2078, "position": [1.198263530782738, 2.6083341835153053, -2.787420520806649], "rotation": [[0.9755646983796273, 0.06676954805697241, -0.20932115690425177], [-0.11758355256419413, 0.963454028732955, -0.24068743773745607], [0.18560072047772377, 0.25941889285575565, 0.9477627396071464]], "fy": 3222.7010797592447, "fx": 3222.7010797592447}, {"id": 9, "img_name": "DSCF5637", "width": 3118, "height": 2078, "position": [2.2170270078469407, 2.643551918667675, -2.0197428085430604], "rotation": [[0.8750044526434883, 0.16995073938987468, -0.4533033796861704], [-0.3027039662576948, 0.9228049480068391, -0.23833031017047585], [0.37780618929013043, 0.3457568135480915, 0.85890320130917]], "fy": 3222.7010797592447, "fx": 3222.7010797592447}, {"id": 10, "img_name": "DSCF5645", "width": 3118, "height": 2078, "position": [1.9416197151256276, 0.8379623010704981, -2.231911374163669], "rotation": [[0.806568934855701, 0.43772062734688805, -0.397299893935031], [-0.4055838245658598, 0.8987165386671836, 0.16676433784417527], [0.4300561760703711, 0.026631476134887658, 0.9024092474607109]], "fy": 3222.7010797592447, "fx": 3222.7010797592447}, {"id": 11, "img_name": "DSCF5653", "width": 3118, "height": 2078, "position": [2.840813222516746, 1.83501326518184, -1.4502222651948369], "rotation": [[0.6746649002054113, 0.31235248279578276, -0.6687773911565287], [-0.479182752586132, 0.8745081863663723, -0.07496213445584277], [0.5614366946101761, 0.3710409121235935, 0.7396739007668794]], "fy": 3222.7010797592447, "fx": 3222.7010797592447}, {"id": 12, "img_name": "DSCF5661", "width": 3118, "height": 2078, "position": [3.540593264276581, 2.0978015693758256, -0.4306125174411022], "rotation": [[0.49216478309945283, 0.17439082691715643, -0.85285500864087], [-0.550804837513097, 0.821049845322524, -0.14997060534661558], [0.6740829750474637, 0.5435669149083762, 0.5001471301208783]], "fy": 3222.7010797592447, "fx": 3222.7010797592447}, {"id": 13, "img_name": "DSCF5669", "width": 3118, "height": 2078, "position": [3.597732884554906, 0.562603446663477, -0.918454207943218], "rotation": [[0.31410131718435685, 0.6013153885724822, -0.7346837183502685], [-0.6138133609376772, 0.7189803669240685, 0.3260374056946911], [0.7242744786870821, 0.34854990380669526, 0.5949280999237628]], "fy": 3222.7010797592447, "fx": 3222.7010797592447}, {"id": 14, "img_name": "DSCF5677", "width": 3118, "height": 2078, "position": [3.5098341492704925, 0.18637305137781005, -0.3621340065212973], "rotation": [[0.09422952186800648, 0.6079208949956384, -0.788386315606904], [-0.669865584039453, 0.6245478711769754, 0.4015221736439852], [0.7364787142395964, 0.49027761731085595, 0.466076132660728]], "fy": 3222.7010797592447, "fx": 3222.7010797592447}, {"id": 15, "img_name": "DSCF5685", "width": 3118, "height": 2078, "position": [4.076061199388371, 1.2903109427403936, 0.6546119019618829], "rotation": [[0.0759137904724299, 0.20741573876794483, -0.9753029312615932], [-0.6167485807542697, 0.7783377874441983, 0.11752223948710239], [0.7834910877308702, 0.592595139996792, 0.18700993422404186]], "fy": 3222.7010797592447, "fx": 3222.7010797592447}, {"id": 16, "img_name": "DSCF5693", "width": 3118, "height": 2078, "position": [4.204579137877042, -0.1092082336228298, 0.6376532707265387], "rotation": [[-0.12364039521680911, 0.47568954828708426, -0.8708803053928024], [-0.6487006937684608, 0.625379994336563, 0.4336902957041095], [0.7509330613143548, 0.6185622978601509, 0.2312579103317789]], "fy": 3222.7010797592447, "fx": 3222.7010797592447}, {"id": 17, "img_name": "DSCF5701", "width": 3118, "height": 2078, "position": [3.1721624744355896, -1.2390420292324575, 0.3849378886630962], "rotation": [[-0.4281123187110669, 0.6217471343538558, -0.6558584782486254], [-0.6264130020067169, 0.31894833168748504, 0.7112515115138264], [0.6514035565490618, 0.7153338120322136, 0.25292477909191663]], "fy": 3222.7010797592447, "fx": 3222.7010797592447}, {"id": 18, "img_name": "DSCF5709", "width": 3118, "height": 2078, "position": [3.888699237367593, -0.6150514407849094, 1.9927082825045879], "rotation": [[-0.4743170140514768, 0.31008763979035275, -0.8239350859324656], [-0.594315240241322, 0.5776732504562205, 0.5595382122109663], [0.6494711428525448, 0.7550756726028149, -0.08971044111593737]], "fy": 3222.7010797592447, "fx": 3222.7010797592447}, {"id": 19, "img_name": "DSCF5717", "width": 3118, "height": 2078, "position": [3.4589640262491854, -1.0788407387434225, 2.8113774028964205], "rotation": [[-0.7026382001165746, 0.24069613588005623, -0.6696005749021945], [-0.47694127026839683, 0.5390379968949648, 0.6942370363342997], [0.5280403246454838, 0.8071576104304992, -0.26395076713739307]], "fy": 3222.7010797592447, "fx": 3222.7010797592447}, {"id": 20, "img_name": "DSCF5725", "width": 3118, "height": 2078, "position": [2.5923405704687266, -2.3499422026015426, 1.5266579328963754], "rotation": [[-0.8706961897129242, 0.30333247444144396, -0.38714022675075604], [-0.35759001876231244, 0.14998824121334547, 0.9217553395447713], [0.33766480968701057, 0.9410063429366236, -0.022125524899468438]], "fy": 3222.7010797592447, "fx": 3222.7010797592447}, {"id": 21, "img_name": "DSCF5733", "width": 3118, "height": 2078, "position": [2.2461007464805585, -2.2863990268850727, 2.936890061816201], "rotation": [[-0.9272690572288782, 0.1381978211019022, -0.34795611468769055], [-0.27327740308212545, 0.3854333211783699, 0.8813402384380852], [0.25591318150997266, 0.9123280754027565, -0.3196340506913262]], "fy": 3222.7010797592447, "fx": 3222.7010797592447}, {"id": 22, "img_name": "DSCF5741", "width": 3118, "height": 2078, "position": [1.3991760657049117, -1.7778561858785178, 4.008742949543735], "rotation": [[-0.9860316649419454, 0.03312518030194578, -0.16323075127493142], [-0.12065941609922583, 0.5335162648642391, 0.8371389970798786], [0.11481664094724606, 0.8451408862167742, -0.5220670660042791]], "fy": 3222.7010797592447, "fx": 3222.7010797592447}, {"id": 23, "img_name": "DSCF5749", "width": 3118, "height": 2078, "position": [0.862035189420847, -2.4953135901950225, 2.309513379613651], "rotation": [[-0.998953183247972, -0.004968569731402324, -0.04547362965024484], [-0.0457189947295938, 0.14147993664902728, 0.9888848269878058], [0.0015202630229033298, 0.9899286544194036, -0.14155899109463066]], "fy": 3222.7010797592447, "fx": 3222.7010797592447}, {"id": 24, "img_name": "DSCF5757", "width": 3118, "height": 2078, "position": [-0.3475226110217009, -2.3466475925479195, 2.6247614016868748], "rotation": [[-0.9326101065504963, -0.25078228584886575, 0.25951230079572246], [0.17269044433111178, 0.3213067535126564, 0.9310961178008852], [-0.31688546763238434, 0.9131649441648397, -0.2563462212552201]], "fy": 3222.7010797592447, "fx": 3222.7010797592447}, {"id": 25, "img_name": "DSCF5765", "width": 3118, "height": 2078, "position": [-1.2718986455475112, -1.7201294005012504, 3.7239908692733827], "rotation": [[-0.8457364065177272, -0.15812661402356704, 0.5096331078608641], [0.32952991846663476, 0.5964210130194041, 0.7319098360209956], [-0.41969031859914807, 0.7869421510926642, -0.452307514096102]], "fy": 3222.7010797592447, "fx": 3222.7010797592447}, {"id": 26, "img_name": "DSCF5773", "width": 3118, "height": 2078, "position": [-1.2845441523677716, -2.4579435673013714, 1.9787675130325408], "rotation": [[-0.8100013534589431, -0.38578264478455576, 0.4416667956477072], [0.37430856695939585, 0.23965531970621617, 0.895800437841663], [-0.451432059224291, 0.8909192324333022, -0.04971938439855801]], "fy": 3222.7010797592447, "fx": 3222.7010797592447}, {"id": 27, "img_name": "DSCF5781", "width": 3118, "height": 2078, "position": [-2.0517522737868426, -1.8809346155441065, 1.7188130466993474], "rotation": [[-0.581702602531448, -0.47869714379640155, 0.6576253695907018], [0.5121854041670336, 0.41251002870534004, 0.7533270126417689], [-0.6318925493835108, 0.7750383995252664, 0.0052235328007459335]], "fy": 3222.7010797592447, "fx": 3222.7010797592447}, {"id": 28, "img_name": "DSCF5789", "width": 3118, "height": 2078, "position": [-2.9226301898265947, -0.6865960529693019, 2.600173224028948], "rotation": [[-0.517050764918814, -0.21097865983005165, 0.8295459671369538], [0.5735223018562166, 0.6340310518530285, 0.5187261267371144], [-0.6353980451421106, 0.7439708531807261, -0.20682527371461773]], "fy": 3222.7010797592447, "fx": 3222.7010797592447}, {"id": 29, "img_name": "DSCF5797", "width": 3118, "height": 2078, "position": [-2.7237530014395013, -1.4299358758091822, 1.245759602710627], "rotation": [[-0.45637443529472604, -0.5327107333897975, 0.7127002520981203], [0.5547027660961883, 0.4559469543797839, 0.6960008736180127], [-0.6957206451548335, 0.7129738068983345, 0.08741358351102582]], "fy": 3222.7010797592447, "fx": 3222.7010797592447}, {"id": 30, "img_name": "DSCF5805", "width": 3118, "height": 2078, "position": [-2.8952940389642086, -1.12766126895708, 0.7977730591205899], "rotation": [[-0.2905636698760128, -0.521382688395585, 0.8023296367389001], [0.6087729767606225, 0.546182158783911, 0.5753959612233625], [-0.738219626204962, 0.6556257634257054, 0.1587029987689802]], "fy": 3222.7010797592447, "fx": 3222.7010797592447}, {"id": 31, "img_name": "DSCF5813", "width": 3118, "height": 2078, "position": [-3.629676945450682, 0.4400345887574562, 1.075125126372097], "rotation": [[-0.008307751729859104, -0.32732992476524725, 0.9448735902830454], [0.6515682471235168, 0.7150061812734879, 0.25342647865030077], [-0.7585445277645751, 0.6177550332404272, 0.20733769147103015]], "fy": 3222.7010797592447, "fx": 3222.7010797592447}, {"id": 32, "img_name": "DSCF5821", "width": 3118, "height": 2078, "position": [-3.162920807890936, -0.6483269143200536, -0.1702502269168791], "rotation": [[0.08240976111186075, -0.6168570557194964, 0.782749004523519], [0.6311448984739781, 0.6401462943732937, 0.4380283540256407], [-0.7712747554560292, 0.4579302289751294, 0.44208048700098485]], "fy": 3222.7010797592447, "fx": 3222.7010797592447}, {"id": 33, "img_name": "DSCF5829", "width": 3118, "height": 2078, "position": [-3.2533667411392106, 0.0914133716229898, -0.3905146366418063], "rotation": [[0.22251087486701454, -0.4758424738177492, 0.8509188273136988], [0.6527952347066834, 0.7209804515160388, 0.23247703128690989], [-0.7241182859934981, 0.5037470879744452, 0.47105369040811546]], "fy": 3222.7010797592447, "fx": 3222.7010797592447}, {"id": 34, "img_name": "DSCF5837", "width": 3118, "height": 2078, "position": [-3.235033143816531, 1.5090631398671221, -0.3474551415012362], "rotation": [[0.4423097005244522, -0.36000297913385737, 0.8214377540853091], [0.6460398489280549, 0.7631862013883792, -0.013391624524016257], [-0.622088934493281, 0.5366047679858273, 0.570140930433775]], "fy": 3222.7010797592447, "fx": 3222.7010797592447}, {"id": 35, "img_name": "DSCF5845", "width": 3118, "height": 2078, "position": [-2.707146117683604, -0.13888050154974654, -1.3064705580575569], "rotation": [[0.4833176889503745, -0.600907601700647, 0.6366428086188088], [0.5225511936606348, 0.7814838129621775, 0.3409153855166147], [-0.7023846962680171, 0.16790802332370153, 0.691709934981429]], "fy": 3222.7010797592447, "fx": 3222.7010797592447}, {"id": 36, "img_name": "DSCF5853", "width": 3118, "height": 2078, "position": [-2.2251508165331435, -1.8153853404826736, 0.2335816459361663], "rotation": [[-0.5083382903864332, -0.5890847027365699, 0.6281491825424637], [0.6599269610521613, 0.2021424759272532, 0.7236261641914691], [-0.5532527348359495, 0.7823794683066314, 0.2859961170519199]], "fy": 3222.7010797592447, "fx": 3222.7010797592447}, {"id": 37, "img_name": "DSCF5566", "width": 3118, "height": 2078, "position": [-3.7020803064083108, 1.8794220892960538, -0.39910109839590346], "rotation": [[0.47184186948130497, -0.2583456261469842, 0.8429844527956075], [0.6248371908349101, 0.7725369608598944, -0.11298287062602094], [-0.6220480167590968, 0.5800380862978575, 0.5259392391617058]], "fy": 3222.7010797592447, "fx": 3222.7010797592447}, {"id": 38, "img_name": "DSCF5592", "width": 3118, "height": 2078, "position": [-1.5723208830555087, 2.459489651432625, -2.751183774789651], "rotation": [[0.9163215020729905, -0.20547260838090764, 0.3437090514429967], [0.2743997158730331, 0.9473138837813899, -0.16523075235505694], [-0.2916499627421493, 0.2457181572455841, 0.9244257062805735]], "fy": 3222.7010797592447, "fx": 3222.7010797592447}, {"id": 39, "img_name": "DSCF5618", "width": 3118, "height": 2078, "position": [0.22076043637224133, 2.357400233329992, -2.9259255927457017], "rotation": [[0.9997039947954818, -0.024075991560868103, -0.0035027732322317957], [0.02331591575609243, 0.9891982170767777, -0.1447178475675306], [0.006949162712890817, 0.1445933399658685, 0.9894667630472004]], "fy": 3222.7010797592447, "fx": 3222.7010797592447}, {"id": 40, "img_name": "DSCF5644", "width": 3118, "height": 2078, "position": [1.8789284555406576, 1.0346030847887504, -2.266579150690788], "rotation": [[0.8366354763594054, 0.40360651408574366, -0.3703280457708075], [-0.38118401509638455, 0.9145110098761077, 0.13552992086761068], [0.39336983403899967, 0.027773991483688174, 0.9189607059418775]], "fy": 3222.7010797592447, "fx": 3222.7010797592447}, {"id": 41, "img_name": "DSCF5671", "width": 3118, "height": 2078, "position": [3.298236939387617, 0.289298079823032, -1.076198863793522], "rotation": [[0.34570189139633567, 0.6302856722552144, -0.6951475912601499], [-0.623276555633818, 0.7080259199186507, 0.33200245770263864], [0.7014389050246925, 0.3184953187617375, 0.6376081825420836]], "fy": 3222.7010797592447, "fx": 3222.7010797592447}, {"id": 42, "img_name": "DSCF5697", "width": 3118, "height": 2078, "position": [3.573498725848458, -0.7806237202507764, 0.4096804200116249], "rotation": [[-0.2509982337400438, 0.6272147713581122, -0.737293372579443], [-0.6334409814366848, 0.46952002118975794, 0.615063795665538], [0.7319510978855815, 0.6214117638829829, 0.2794548443164513]], "fy": 3222.7010797592447, "fx": 3222.7010797592447}, {"id": 43, "img_name": "DSCF5724", "width": 3118, "height": 2078, "position": [2.5842600499803097, -2.2879295717888377, 1.7355929626548876], "rotation": [[-0.8695498002950077, 0.2886448861944682, -0.40070846569631335], [-0.3605906744773915, 0.1833054883373842, 0.9145345610884985], [0.33742778529168427, 0.9397250808716215, -0.05531059657943774]], "fy": 3222.7010797592447, "fx": 3222.7010797592447}, {"id": 44, "img_name": "DSCF5751", "width": 3118, "height": 2078, "position": [0.4999005551178549, -2.6183350101454606, 1.9609011329532877], "rotation": [[-0.9931097692526476, -0.09532168048628996, 0.06816717277562456], [0.061015501931550455, 0.07603088904993623, 0.9952368624776299], [-0.10005046096342168, 0.9925387051090478, -0.06969091850062543]], "fy": 3222.7010797592447, "fx": 3222.7010797592447}, {"id": 45, "img_name": "DSCF5777", "width": 3118, "height": 2078, "position": [-1.2848687314197893, -2.54139735190709, 1.4051951212496379], "rotation": [[-0.7308700734676606, -0.4881155904226793, 0.4770451824467943], [0.4436943467988213, 0.19130735265981724, 0.8755208869222133], [-0.5186176456004398, 0.8515542655665648, 0.07675330916152766]], "fy": 3222.7010797592447, "fx": 3222.7010797592447}, {"id": 46, "img_name": "DSCF5803", "width": 3118, "height": 2078, "position": [-2.645643509418695, -1.371095916725608, 0.6635647167952693], "rotation": [[-0.2995016005075458, -0.5948377322316117, 0.7459670660337303], [0.6106009012168612, 0.4812728167641319, 0.6289221058899703], [-0.7331202703012482, 0.643851340106916, 0.2190664764767837]], "fy": 3222.7010797592447, "fx": 3222.7010797592447}, {"id": 47, "img_name": "DSCF5830", "width": 3118, "height": 2078, "position": [-3.272644491760775, 0.23506333367521393, -0.22829013543479462], "rotation": [[0.1888168445150646, -0.4803308938258192, 0.8565222890642505], [0.6664491041601749, 0.7032785435638766, 0.2474770327258126], [-0.721244612313655, 0.5241006798308526, 0.45290692930155485]], "fy": 3222.7010797592447, "fx": 3222.7010797592447}, {"id": 48, "img_name": "DSCF5856", "width": 3118, "height": 2078, "position": [-1.4755408591186039, -2.3318958184603265, 0.9580431817477539], "rotation": [[-0.8117367819389079, -0.3397933523374061, 0.4749988153193359], [0.5046365529781979, 0.0013216623549398058, 0.8633308766671682], [-0.29398188081197735, 0.9404991924057812, 0.17039930410164675]], "fy": 3222.7010797592447, "fx": 3222.7010797592447}]